882259
834582
563631
135135
860977
831538
189369
38778
173030
970342
979497
970414
439896
602013
471152
665850
94587
806452
24301
581751
542844
989210
394441
258116
737126
274321
183668
276665
274335
755804
430161
156595
106738
510144
291730
967715
341682
997451
522846
514712
967793
18695
1478
924041
620708
988982
106243
715296
795435
130544
297047
854631
636106
691488
629099
889584
965809
812768
682601
756497
568572
629114
429444
191663
139258
237526
675730
480941
234977
198576
512005
202770
217271
29836
643163
837980
18818
749406
69628
330605
396302
366675
701589
32408
58163
330688
438345
540324
143456
120946
813173
228381
750061
242617
420044
889319
996495
612126
886612
231472
810703
398618
950594
544326
428454
593757
898658
963624
343163
968286
810582
739465
334961
512171
288226
909476
359211
726571
966153
19020
363869
295678
247401
113930
54648
183797
519602
51143
795923
406214
282616
122978
321184
233210
183657
265990
343320
82315
229615
686483
566954
40197
942301
418267
68720
746879
844096
944283
989802
810249
963303
353671
622279
210704
983954
676927
910853
503556
728071
706777
426122
10687
346107
747307
760249
529764
13297
619921
128432
759264
822757
695386
315813
765058
630005
384533
28289
474101
328817
18091
800702
292120
371762
422982
19177
872068
99909
930030
375624
827980
153159
801747
355019
15619
65406
631621
61735
78703
251542
190167
354320
74299
401905
670133
355709
548263
571019
900350
22364
416188
918441
823067
224660
806556
246049
243837
678624
345958
690220
570601
690291
359731
888700
45310
375350
954106
193283
437086
549161
444826
143605
903481
35477
61863
89967
907539
610126
660986
807889
632490
593526
242683
455557
818186
49239
217958
578376
244215
80269
268596
814816
770560
144679
703516
332222
520030
657622
525506
473468
723136
486684
617073
142969
38513
678936
232936
462404
289062
893922
786646
921553
3800
29329
893462
821987
78568
627773
400363
839135
708042
185311
653952
994954
846342
357468
843528
366372
531443
885386
839840
770931
372070
973266
913900
926936
652202
146837
389340
457617
557111
175986
895522
560912
721667
788984
899251
316587
933109
815966
155723
641151
1277
809675
152457
363971
683495
995986
730344
731290
881372
86536
502221
769795
576154
416122
696731
228357
562959
602423
202326
636422
294762
97848
197334
16429
403184
96585
333017
336294
912551
488740
493797
430180
814767
646255
794152
498262
642241
40848
229553
523613
643736
731774
293408
219891
664248
506491
964600
227207
108915
166926
863630
403677
781126
577316
936458
184310
190254
269475
520604
102805
274567
14402
49338
89334
177009
359842
587597
819250
917042
333502
342863
560778
581628
152624
297021
245877
659115
261621
989436
284382
944899
369418
204411
726025
946735
140870
910336
136989
410345
947292
756146
684913
478046
321836
290599
655055
681678
394548
474305
115072
728050
333521
675851
309679
2497
972872
71908
661612
750846
61344
462347
695745
430763
666758
938123
377498
807628
848459
30839
734326
312103
303337
935591
790150
141526
226190
961557
339556
620739
952215
454629
865141
802088
130480
174820
804585
619704
763080
982549
886902
824425
444896
582648
255188
628007
37123
149038
435635
885582
696229
169961
714037
515918
621904
20539
657444
848095
982097
997001
985186
450664
451630
850327
252752
98462
541500
57337
234518
304580
556238
121421
645357
517487
220421
900545
145494
257544
565935
581129
659478
778516
267443
889867
294435
889347
910407
951879
253794
408856
948880
755332
859520
916862
605660
628624
531676
663512
685961
766195
484444
758551
887616
129802
276038
624389
546699
421532
881933
112635
519014
57763
891151
302809
947630
185586
192156
858037
653818
962303
783245
119050
717635
642765
35913
839647
271389
567589
503159
473702
850136
987604
748606
254104
117406
24644
878493
664105
962529
276778
293092
481543
850893
184244
784352
798524
886182
492860
172913
56352
971515
956159
175403
689151
115276
727668
528798
903018
811609
548310
893072
661746
535914
641678
915850
169672
182675
310696
833777
145204
587474
126870
143099
438368
827466
443803
753244
230000
936663
926157
286353
908179
398668
978108
113682
30297
705776
158832
449667
517385
707142
342739
695483
243056
500770
611334
412728
683445
922030
762858
345001
25856
406080
488100
464224
749898
931903
733820
979898
384918
659978
782603
809449
574998
277063
439483
121647
499191
598316
571314
16577
305458
914054
228412
64867
931176
839746
993947
614621
278128
273157
475974
303985
679237
964074
284561
945487
412329
18382
441738
313599
194712
740693
639401
286062
17757
78884
407710
516948
193552
979024
49877
15363
409430
278290
80230
340606
634388
590529
471579
912517
380039
947553
732854
575628
427979
533767
521116
356660
68501
962854
186612
263213
703547
826013
65628
237656
904897
473338
754605
614802
968714
320834
630165
378145
599124
710395
235103
233513
817276
706683
662382
197315
170588
911588
772944
114920
445355
810412
471580
513857
773266
658192
293422
993165
557
359050
230822
421807
348740
501779
36609
317455
822613
666774
695600
421738
893521
930703
171603
710797
153738
350337
424465
324327
261925
713761
439247
707280
40525
427179
737489
330143
601724
547264
323308
118633
906314
70482
540440
771407
572261
577049
88862
911227
760175
784462
849317
653696
231517
20920
880846
385256
371257
821663
225935
149534
51776
181534
856814
92301
125065
110656
422444
243141
657920
745752
361775
80586
332587
902215
851993
421200
995617
457207
332427
755792
758021
181744
925841
989539
719016
323039
891147
90273
144702
633434
239807
196478
814968
612974
288779
456385
239982
227575
699527
414254
973327
61302
11192
822266
479869
379538
243467
475486
836745
575894
747631
594767
757639
189824
100658
476655
512863
991805
83281
657565
625239
839440
370395
956559
968766
175526
929296
725100
403101
628823
139354
892780
206477
150547
715047
686347
46437
958514
678185
883182
50760
942168
994301
324751
131992
94959
801407
161207
86764
401040
335124
228355
756832
705519
701266
725599
397397
146915
967051
800498
775738
106406
693279
982216
773305
924678
184915
819742
883192
863100
219276
450304
321621
213578
775056
453613
308537
92815
614821
911654
493855
466297
656361
767039
171817
873980
8990
569214
20895
976042
886065
312985
82448
95696
811553
372105
20374
996468
191847
419918
375921
411123
870222
697542
624701
645278
667507
449591
738093
282328
361245
748300
264978
533958
515340
436795
407938
524330
522361
945185
16724
924778
258171
99172
20474
69724
471277
557200
66193
179476
977118
958466
106952
363693
656008
248005
525323
323515
697596
779769
122196
575193
528069
387174
625504
559761
340321
33442
600444
379034
978628
617168
303813
753151
232693
324287
822875
220322
881488
405420
916151
374958
363886
23103
738651
536246
271108
263975
859762
485057
43744
498310
576602
88165
401836
202106
647927
742157
751901
764723
121191
730529
898243
425004
483680
130936
265644
822907
351259
663484
228328
267410
38442
592214
806865
777094
128461
594325
557421
504575
79382
117517
519237
172337
205682
921073
374443
369961
663230
126344
651036
300773
373225
549280
242130
373257
680216
507774
196165
547827
687610
424493
331589
726052
533059
138454
19498
177872
732780
576919
198799
328514
694436
718036
500851
416471
639109
391647
786432
818691
34343
437469
119465
407569
986749
877947
780826
183317
902073
493343
731145
589683
434188
62734
315735
483600
717541
335234
661472
450321
428505
860272
295187
122942
94660
312391
539413
733770
704038
842197
68813
738381
796018
188278
662302
782767
582577
959481
966085
484650
452824
213582
74333
887013
276316
906421
886965
993857
758007
548437
960530
186512
925061
772070
825806
19722
84461
881571
269844
304851
723769
338657
559584
519787
43288
221887
818907
625865
181368
301344
626868
150544
514926
701201
553909
307594
123974
440874
817804
881981
505664
294686
68494
947077
66756
410652
483151
151217
292224
752995
972420
15993
608005
532005
52132
651293
753892
871039
793510
451612
688735
420378
118508
203661
637932
672418
27608
761906
629644
845412
160240
135308
656450
745086
598738
723207
155738
81889
390776
447962
834885
363197
980307
959242
895202
32440
610535
165446
419831
920397
133410
108567
340776
251918
312228
495060
440688
856188
773318
70333
217952
933558
721993
874403
678644
320731
597610
834383
918973
504738
798697
753858
384287
779005
713100
279489
811445
839987
961287
231276
760384
94697
339843
617512
862968
168424
628924
303656
24612
402243
890341
758917
335801
128687
633320
530798
965770
747282
881533
884743
252020
680230
638601
636308
975587
868053
432149
787032
224392
909789
534661
501129
4486
390856
634993
867454
75632
263918
687463
616597
666161
577804
375514
518314
706491
8834
49112
672262
756116
930645
73357
524488
127228
228311
677148
102815
96364
625650
406200
837109
535439
457213
338238
56277
364421
973231
923732
440054
237149
127547
56651
419662
705351
432165
937977
928195
957351
503441
116809
229819
434087
190166
754307
77667
418477
947808
696834
31194
573458
619386
868303
108897
76599
722893
165174
957373
696124
605258
397427
449626
732805
454078
385640
954509
402595
323617
882704
876298
827059
999513
106117
777498
706031
860424
371517
124509
324584
68351
155703
898042
687738
24006
523291
280689
746899
204818
238062
959375
326428
151841
925353
59234
122271
310994
530095
41218
634611
412799
917516
978022
928664
23633
755520
634695
400410
127037
275556
724994
711741
431259
623037
915831
971617
662680
712872
234868
867498
950935
710596
193927
619128
635949
769513
741400
463295
299608
782618
614259
228759
700135
592281
673775
723768
864154
824822
124178
507543
100379
365525
219284
47990
988562
135115
535960
651242
847988
287180
35093
315275
997776
229020
934403
150078
514885
192155
613373
814493
974774
227632
559604
191261
336266
233379
431381
200420
574553
71912
707963
191284
437437
927248
239275
942351
578715
291587
109945
943055
578767
145038
258330
92896
890410
709086
242974
405295
901241
372699
736140
392367
116684
295744
99980
452950
45475
47714
653370
620029
119626
877685
327665
73415
321285
566940
15766
900001
374879
642063
359408
953647
787102
617739
46543
193864
843177
289517
599160
260770
178568
335300
653138
295252
147397
269470
748202
192872
317184
917924
329253
436810
795610
656919
26577
633247
740211
558695
49600
115091
200759
409009
585090
504213
26748
631633
698077
386277
437502
297237
647047
616070
148890
816537
911323
812639
86008
175877
521863
403192
93802
367469
356355
405764
540740
382932
555363
280951
941628
604964
912394
658739
13973
497484
162952
557073
645469
861029
943350
82971
674619
106749
215394
339861
923287
643069
152500
9295
818946
674363
928839
429100
41832
285194
351216
582572
184479
906580
379876
642459
511544
292270
301198
41869
306107
464150
115294
467928
841531
574996
67252
516150
681745
282646
856011
605032
925715
8511
614327
261013
199227
59519
690114
241059
344713
557682
339984
45544
464262
719860
688003
492158
528482
505553
50379
350941
486055
165673
818870
327587
740669
886122
843737
422415
168768
216101
543799
610835
224612
674479
871848
940191
733998
78314
181251
595063
152349
521235
640608
132963
757447
844963
141474
285929
866869
191853
636871
352924
873879
455741
680511
130900
341863
524249
69667
26983
740350
613467
154170
481314
287946
26018
421506
21944
620685
119109
133359
773034
156696
773967
422349
914143
135283
563823
200072
2152
755677
353295
355076
629556
809036
551940
760456
667251
76189
830124
210586
332891
959943
364756
330557
247889
907127
752063
786185
44164
387524
919544
333550
544220
209864
755899
974715
345147
319723
174788
863651
75400
44435
735079
221308
369824
287019
498116
37075
879560
844592
764014
212451
804535
128770
543009
568776
552249
811424
871313
596413
715301
790858
929963
259521
517074
685863
234237
378573
521938
925377
242224
597338
969812
493655
334998
339636
780675
349466
893064
176587
194059
173430
905391
514946
818552
448400
600075
370802
776176
471388
483567
491477
778598
413531
267351
295672
615746
17940
190597
137684
459669
949173
251374
429481
442829
102724
285470
739856
452190
694886
916443
162601
868316
821834
677548
686868
786586
793975
574022
79115
265363
57590
86944
560314
471121
870647
372338
603219
888587
562936
257255
348256
512109
24981
294090
471290
127705
95912
727498
579895
307150
643942
258849
691818
982128
452749
378686
285067
246724
469061
364182
28439
526651
967478
588753
514124
838126
961092
117343
243065
40380
890950
591322
68841
915931
401764
540132
43636
14028
783982
139883
321178
427924
398732
12996
926405
851481
908034
211472
98205
377095
92006
126645
903746
575836
231750
934222
413962
709194
51565
657028
749574
458867
764702
818416
374798
682818
874900
934786
696846
658882
74670
534376
603159
989754
547372
45916
841236
971758
773740
455793
348854
382098
98790
768952
957934
846893
703175
888249
556087
271092
61629
305662
729960
826331
640430
621110
25501
31682
555897
722347
206916
630567
256723
326427
620321
320447
372343
977909
292205
146083
950055
157411
528181
565197
926364
2468
412090
145891
890717
484530
416983
952346
306544
663295
295029
946974
284406
836882
495008
840303
75581
701924
470870
848656
28352
607543
169103
917047
101805
977660
579483
568212
135072
624016
649761
577788
626484
578204
723679
33553
62734
140662
985899
369278
320310
797280
832604
604716
634162
327612
445019
226095
545888
432241
74751
90592
556136
243854
7640
174293
221515
587123
742505
872939
211139
908619
450727
353976
486823
690758
387529
549557
347772
889781
435187
668082
687061
267791
272798
837576
111755
234169
63671
657643
666410
138423
264588
738899
898629
272228
913192
636496
375703
172050
509435
103194
80669
476514
457170
567492
167272
844700
633401
515045
734481
584940
699479
937894
852731
972278
291822
480838
206447
871846
654833
389210
526621
919421
128109
425250
708001
41301
578099
83704
729703
603886
186899
810372
